0 1229 318 1568 1552 1523 1477 1388 1281 1288 1060 1117 967 1017 910 942 4143 668 472 826 1023 1133 1200 1306 1319 1241 1110 1057 366 1472 1399 858 574 483 317 621 950 1139 843 833 1039 1381 1437 1303 1513 833 817 786 1176 618
1402 0 1320 1199 1027 998 952 863 756 763 605 661 512 530 706 733 3472 959 968 959 861 916 983 506 447 345 426 510 1081 1276 1067 768 875 1100 1186 1000 746 919 686 1237 900 1496 1532 1123 1333 1330 1251 1290 1030 1310
389 1147 0 1384 1786 1800 1754 1622 1515 1521 1163 1220 1070 1022 795 784 3960 485 288 643 840 949 1017 1162 1175 1096 966 1137 183 1289 1101 675 453 339 173 801 962 955 652 1017 1220 1504 1561 1321 1530 808 884 702 1357 631
1420 1137 1338 0 1882 1853 1806 1718 1611 1617 1459 1516 1367 1385 1641 1537 3472 1484 957 856 668 516 359 1273 1286 1087 1281 1452 1072 873 626 754 1012 1217 1204 1746 1601 637 823 1812 1754 1771 1828 1978 2187 1309 1385 1203 1750 1222
1690 1064 1936 1934 0 369 464 739 697 703 764 947 860 878 1173 1139 3499 1364 1703 1694 1595 1651 1718 1241 1182 1080 951 1095 1815 2010 1802 1503 1610 1844 1802 1348 1086 1653 1420 1586 1248 1813 1880 1311 1556 1678 1599 1804 1378 1721
1665 1038 1763 1909 356 0 394 485 672 678 821 1004 835 853 1148 1113 3473 1339 1678 1669 1570 1625 1693 1215 1157 1054 925 1070 1790 1985 1777 1477 1584 1819 1629 1465 1061 1628 1395 1560 1223 1787 1855 1344 1589 1653 1574 1779 1353 1695
1588 961 1833 1832 464 400 0 507 595 601 662 844 758 776 1071 1036 3396 1262 1601 1591 1493 1548 1616 1138 1080 977 848 993 1713 1908 1700 1400 1507 1742 1552 1388 984 1551 1318 1483 1146 1710 1778 1209 1454 1575 1496 1701 1275 1618
1455 828 1553 1699 739 710 663 0 462 468 529 711 625 643 938 903 3238 1128 1468 1458 1360 1415 1483 1005 947 844 715 860 1580 1775 1567 1267 1374 1609 1566 1255 851 1418 1185 1350 1013 1577 1645 1236 1445 1442 1363 1568 1142 1485
1314 688 1413 1559 679 650 604 467 0 116 441 623 581 702 798 763 3383 988 1328 1318 1220 1275 1342 865 806 704 575 719 1440 1635 1426 1127 1234 1468 1279 1114 710 1278 1045 1210 872 1437 1505 1096 1305 1302 1223 1428 1002 1345
1320 694 1419 1564 685 656 610 473 107 0 447 629 587 708 804 769 3389 994 1333 1324 1226 1281 1348 871 812 710 581 725 1446 1641 1432 1133 1240 1474 1285 1120 716 1284 1051 1216 878 1443 1510 1102 1311 1308 1229 1434 1008 1351
1118 570 1504 1441 659 630 583 472 388 394 0 182 140 261 564 521 3363 747 1210 1200 1102 1157 1225 747 689 586 457 485 1261 1517 1309 1009 1116 1269 1252 778 525 1160 927 1016 678 1243 1310 902 1111 1108 1029 1234 808 1151
1335 592 1372 1463 825 796 750 639 554 560 166 0 246 314 617 574 3529 800 1232 1222 1124 1179 1246 769 711 608 479 538 1344 1539 1331 1031 1138 1322 1305 831 692 1182 949 1069 731 1296 1363 955 1164 1161 1082 1287 861 1204
1076 528 1277 1398 795 766 719 608 524 530 136 212 0 219 521 479 3499 704 1167 1158 1060 1115 1182 705 646 544 415 443 1218 1474 1266 967 1074 1227 1184 736 482 1118 885 973 635 1200 1268 859 1068 1065 986 1191 765 1108
1021 686 1121 1513 872 843 796 708 601 607 421 478 329 0 302 260 3995 485 1173 1387 1137 1192 1260 782 761 621 355 224 1104 1703 1381 1082 1143 1008 987 622 368 1265 999 859 521 1086 1154 745 954 951 872 1077 651 994
1003 670 1103 1510 882 853 806 718 611 617 368 424 275 227 0 242 3783 467 1309 1270 1172 1227 1294 794 758 656 338 148 1174 1586 1378 1079 1127 990 969 691 437 1262 997 928 591 1156 1223 814 1024 1021 942 1147 721 1063
761 906 861 1650 1182 1153 1106 1018 911 917 668 724 575 527 300 0 4249 225 1062 1409 1311 1366 1433 1074 980 878 519 448 956 1726 1517 1218 906 748 730 620 737 1401 1122 1012 868 1432 1500 1120 1329 1180 1163 1114 998 964
4092 3391 4009 3327 3439 3410 3405 3469 3290 3296 3357 3539 3453 3471 3766 3731 0 3956 3628 3531 3389 3269 3111 3075 3221 3186 3534 3687 3743 3842 3627 3426 3683 3889 3875 3941 3679 3309 3495 4178 3840 4376 4432 3896 4141 3925 4001 3819 3970 3838
677 984 573 1460 1339 1310 1263 1175 1068 1074 825 881 732 684 457 489 4062 0 771 1202 1099 1154 1221 1062 1075 934 798 605 739 1536 1305 1091 684 551 505 536 677 1189 887 927 783 1348 1416 1036 1245 1096 1079 1030 913 880
497 842 551 961 1587 1558 1511 1423 1316 1322 1164 1221 1072 1090 1240 1146 3687 929 0 354 551 677 744 978 991 792 986 1224 115 1001 829 402 307 615 417 932 1233 683 380 1056 1231 1237 1293 1600 1841 710 787 604 1342 534
972 852 947 787 1597 1568 1522 1433 1326 1333 1175 1231 1082 1100 1357 1253 3653 1205 476 0 243 493 769 989 1001 802 996 1168 590 827 619 413 621 933 813 1141 1373 645 481 1194 1205 1207 1263 1598 1807 757 833 650 1197 670
1056 799 1000 627 1544 1515 1468 1380 1273 1279 1121 1178 1029 1047 1303 1199 3490 1146 559 278 0 301 608 935 948 749 943 1115 674 666 458 416 674 879 866 1187 1263 482 485 1241 1252 1253 1310 1640 1849 803 879 697 1244 716
1272 1015 1216 455 1760 1731 1684 1596 1489 1495 1337 1394 1245 1263 1519 1415 3493 1312 775 494 306 0 437 1151 1164 965 1159 1331 890 573 358 632 890 1095 1082 1331 1479 423 701 1385 1396 1397 1454 1789 1998 947 1023 841 1388 860
1061 778 979 621 1523 1494 1447 1359 1252 1258 1100 1157 1008 1026 1282 1178 3348 1125 598 500 359 238 0 914 927 728 922 1093 713 811 597 395 653 858 845 1279 1242 278 464 1332 1395 1345 1401 1619 1828 895 971 788 1335 808
1361 455 1279 1240 1200 1171 1124 1036 929 935 777 834 685 703 966 923 3108 1073 1009 1000 901 956 1024 0 250 427 599 770 1213 1316 1108 809 1030 1060 1145 1173 919 912 726 1410 1072 1637 1705 1296 1505 1437 1423 1331 1202 1350
1264 412 1182 1181 1157 1128 1081 993 948 955 792 791 642 660 923 880 3171 1042 950 940 842 897 964 456 0 208 556 728 1062 1257 1048 749 856 1029 1048 1130 876 900 667 1367 1029 1594 1662 1253 1462 1378 1380 1271 1159 1291
1228 357 1146 1144 1079 1050 1004 962 741 747 584 679 564 582 807 803 3260 1028 913 904 806 861 928 457 398 0 478 611 1025 1220 1012 713 820 993 1012 1052 798 863 630 1289 952 1517 1584 1176 1385 1342 1303 1235 1082 1255
1164 553 1082 1338 945 916 869 780 674 680 522 696 550 401 420 451 3611 676 1192 1098 999 1055 1122 645 586 483 0 227 1193 1414 1206 907 1010 1040 948 945 681 1057 824 1155 835 1536 1468 1059 1268 1265 1186 1391 965 1290
1092 513 1046 1454 1001 972 926 837 730 736 523 579 430 283 319 331 3667 556 1152 1213 1056 1111 1237 701 643 540 181 0 1153 1530 1322 963 970 999 911 816 561 1114 881 1053 715 1280 1348 939 1148 1145 1066 1271 845 1188
380 931 434 1201 1676 1647 1601 1512 1405 1412 1254 1311 1161 1179 1192 912 3777 612 105 460 657 767 834 1068 1080 881 1075 1186 0 1106 918 492 269 466 300 786 1179 773 469 956 1143 1318 1375 1468 1738 622 698 516 1254 445
1431 1262 1525 855 2007 1978 1931 1843 1736 1742 1584 1641 1492 1510 1766 1662 3954 1609 975 817 656 716 923 1398 1411 1212 1406 1578 1089 0 374 879 1137 1342 1391 1486 1734 884 948 1555 1566 1568 1624 1959 2168 1118 1194 1011 1558 1031
1391 1162 1363 481 1907 1878 1832 1743 1636 1643 1485 1541 1392 1410 1667 1563 3661 1509 894 772 584 660 548 1299 1311 1112 1306 1478 1009 482 0 780 1037 1243 1229 1458 1626 805 848 1512 1523 1524 1581 1916 2125 1074 1150 968 1515 987
894 685 812 732 1430 1401 1354 1266 1159 1165 1007 1064 915 933 1189 1085 3459 1032 442 465 393 448 516 821 834 635 829 1001 556 808 600 0 486 765 678 1326 1149 463 186 1433 1302 1562 1618 1526 1735 929 1005 823 1432 945
560 836 477 1050 1581 1552 1505 1417 1310 1316 1158 1215 1066 1084 1126 1008 3776 812 225 579 711 766 833 972 985 786 980 1107 234 1225 918 423 0 498 343 1095 1293 774 311 1201 1376 1461 1518 1652 1861 856 932 749 1488 679
521 865 438 1101 1610 1581 1534 1446 1339 1345 1187 1244 1095 1113 1041 923 3827 727 446 814 762 817 884 993 1006 815 1030 1022 337 1177 969 642 292 0 304 1067 1208 853 435 1180 1315 1656 1712 1567 1776 960 1036 853 1445 783
458 911 375 1188 1492 1363 1316 1228 1221 1227 990 1047 897 849 622 611 3915 312 584 886 849 905 972 989 1002 861 793 770 475 1264 1056 757 446 317 0 649 789 907 657 1130 896 1492 1529 1148 1457 953 943 846 1026 744
731 1016 902 1907 1283 1254 1207 1118 1012 1018 790 847 697 747 845 877 3986 603 978 1274 1526 1646 1691 1193 1135 1032 971 838 906 1679 1527 1361 1142 1023 953 0 594 1642 1326 566 418 1072 1051 682 892 852 776 806 555 698
1125 828 1225 1698 1086 1057 1010 922 815 821 649 659 509 559 660 698 3790 820 1336 1635 1360 1415 1482 1005 946 844 783 650 1267 2040 1566 1267 1336 1205 1131 690 0 1417 1184 880 542 1252 1309 784 994 972 893 1098 675 1157
1186 910 1104 644 1654 1625 1579 1490 1383 1390 1232 1289 1139 1157 1414 1310 3370 1257 670 661 486 302 427 1046 1058 859 1053 1225 785 875 660 445 778 990 970 1555 1373 0 539 1662 1527 1797 1854 1751 1960 1022 1098 916 1657 1174
731 621 649 835 1366 1336 1290 1201 1095 1101 943 1000 850 868 1125 1021 3561 1004 426 589 496 551 618 757 769 570 764 936 482 911 703 211 323 661 515 1175 1084 559 0 1417 1238 1601 1657 1462 1671 1106 1182 1000 1368 929
962 1092 1133 1966 1359 1330 1283 1195 1088 1094 866 923 774 823 925 962 4063 858 1127 1426 1678 1844 1911 1269 1211 1108 979 914 1058 1831 1678 1513 1293 1243 1103 414 602 1682 1478 0 401 1057 1033 799 1008 836 760 864 496 775
1041 1029 1205 1900 1296 1266 1220 1131 1025 1031 803 860 710 760 861 899 3999 958 1005 1360 1223 1667 1734 1206 1147 1045 916 851 936 1566 1412 1392 1172 1237 1071 654 539 1673 1356 382 0 564 632 764 973 469 390 595 401 665
1347 1379 1545 1603 1646 1617 1570 1481 1375 1381 1153 1210 1061 1110 1212 1249 4350 1308 1296 1063 1116 1324 1442 1556 1498 1395 1266 1201 1227 1552 1315 1671 1452 1562 1396 973 889 1377 1636 701 755 0 283 922 1132 680 680 874 480 945
1711 1685 1812 1853 1951 1922 1876 1787 1680 1687 1459 1515 1366 1416 1517 1555 4655 1613 1368 1313 1366 1574 1692 1862 1803 1701 1572 1507 1561 1893 1565 1560 1796 1907 1741 1317 1194 1627 1762 1046 1031 353 0 1202 1411 1044 1014 1072 836 1290
1527 1289 1627 2159 1347 1318 1271 1377 1244 1250 1063 1119 970 1019 1121 1159 4020 1222 1741 1934 1820 1876 1943 1465 1407 1304 1175 1111 1671 2446 2027 1728 1747 1608 1533 1008 798 1878 1645 1141 803 1195 1197 0 368 1233 1154 1359 810 1463
1659 1421 1759 2291 1560 1531 1484 1523 1416 1423 1195 1252 1102 1152 1253 1291 4233 1354 1873 2051 1952 2008 2075 1598 1539 1437 1308 1243 1804 2367 2159 1860 1870 1740 1665 1140 930 2010 1777 1273 935 1328 1330 286 0 1365 1286 1491 942 1596
812 1427 977 1607 1694 1664 1618 1529 1423 1429 1201 1258 1108 1158 1259 1297 4334 1107 662 1017 799 1049 1391 1604 1545 1443 1314 1249 593 1421 853 1049 829 1009 843 762 937 1330 1013 606 614 770 827 1162 1371 0 162 252 725 322
888 1366 1053 1725 1632 1603 1557 1468 1361 1367 1140 1196 1047 1097 1198 1236 4066 1183 781 1135 1332 1439 1509 1543 1484 1381 1253 1188 712 1539 996 1167 947 1085 919 830 875 1448 1131 613 627 709 766 1100 1309 143 0 370 700 440
706 1374 871 1443 1646 1617 1570 1482 1375 1381 1154 1210 1061 1110 1212 1249 4220 1001 548 641 837 1088 1277 1511 1523 1324 1266 1202 479 1307 1155 935 715 903 737 648 977 1216 899 561 721 1003 1060 1263 1472 244 320 0 828 208
1282 1078 1390 1949 1345 1316 1269 1180 1074 1080 852 909 760 809 911 948 4049 1053 1247 1601 1213 1665 1733 1255 1197 1094 965 900 1178 1628 1411 1633 1413 1434 1313 763 588 1914 1598 623 333 594 651 639 848 710 631 836 0 906
614 1284 778 1587 1550 1521 1475 1386 1279 1286 1058 1115 965 1015 1116 1179 4162 905 486 841 1038 1288 1219 1461 1402 1267 1171 1106 417 1245 1418 873 653 810 644 560 948 1154 837 613 904 1094 1151 1242 1451 371 447 264 1012 0
