0 19 5 25 24 24 23 22 20 20 16 17 15 16 14 15 66 10 7 13 16 17 19 20 21 19 17 16 5 23 22 13 9 7 5 10 15 18 13 13 16 21 22 20 24 13 13 12 18 9
21 0 20 19 16 15 15 13 11 12 9 10 8 8 11 11 55 15 15 15 13 14 15 8 7 5 6 8 17 20 17 12 14 17 18 15 11 14 10 20 14 24 24 17 20 21 20 20 16 20
6 18 0 22 28 29 27 25 24 24 18 19 17 16 12 12 63 7 4 10 13 15 16 18 19 17 15 18 2 21 17 10 7 5 2 12 15 15 10 16 19 24 24 21 24 12 14 11 21 9
22 18 21 0 30 29 29 27 25 26 23 24 21 21 26 24 55 23 15 13 10 8 5 20 20 17 20 23 17 13 10 12 16 19 19 27 25 10 13 29 27 28 29 31 34 21 22 19 28 19
27 17 31 30 0 5 7 11 10 11 12 14 13 14 18 18 55 22 27 26 25 26 26 20 18 17 15 17 29 32 28 23 25 29 28 22 17 26 22 25 20 29 30 20 25 27 25 29 21 28
26 16 28 30 5 0 6 7 10 10 13 16 13 13 18 17 55 21 27 26 25 26 27 19 18 17 14 17 28 31 28 23 25 28 25 23 17 25 22 24 19 28 29 21 25 26 25 28 21 26
25 15 29 29 7 6 0 8 9 9 10 13 12 12 17 16 53 20 25 25 23 25 25 18 17 15 13 15 27 30 27 22 24 27 25 22 15 24 21 23 18 27 28 19 23 25 23 27 20 26
23 13 24 27 11 11 10 0 7 7 8 11 9 10 15 14 52 18 23 23 21 22 23 16 15 13 11 14 24 28 24 19 22 25 24 20 13 22 19 21 16 25 26 19 23 23 21 24 18 23
20 10 22 24 10 10 9 7 0 1 7 10 9 11 12 11 53 16 21 21 19 20 21 14 12 11 9 11 22 25 23 17 19 23 20 17 11 20 16 19 13 22 24 17 20 20 19 22 15 21
21 11 22 25 11 10 9 7 1 0 7 9 9 11 13 12 54 16 21 21 19 20 21 13 13 11 9 11 23 26 22 17 20 23 20 17 11 20 16 19 14 22 24 17 20 21 19 22 16 21
18 9 23 23 10 10 9 7 6 6 0 2 2 4 9 8 54 11 18 19 17 18 19 11 10 9 7 7 20 24 21 15 17 20 20 12 8 18 14 16 10 19 21 14 17 17 16 19 13 18
20 9 21 23 13 12 11 10 8 8 2 0 3 5 9 9 55 12 19 19 17 18 19 12 11 9 7 8 21 24 21 16 18 21 20 13 11 18 15 17 11 20 21 15 18 18 17 20 13 20
17 8 20 22 12 12 11 9 8 8 2 3 0 3 8 7 55 11 18 18 16 17 18 11 10 8 6 7 19 23 20 15 17 19 19 11 7 17 13 15 10 19 20 13 17 17 15 19 12 17
16 11 17 23 13 13 12 11 9 9 6 7 5 0 4 4 63 7 18 22 18 18 20 12 12 9 5 3 17 27 22 17 17 16 15 9 5 20 15 13 8 17 18 12 15 15 13 17 10 15
15 10 18 23 14 13 12 11 9 9 5 6 4 3 0 3 60 7 21 20 18 19 20 12 12 10 5 2 18 25 21 17 17 15 15 10 7 20 15 14 9 18 19 12 16 16 15 18 11 16
12 14 13 26 18 18 17 16 14 14 10 11 9 8 4 0 67 3 16 22 21 21 22 17 15 13 8 7 15 27 24 19 14 11 11 9 11 22 18 16 13 23 23 17 21 18 18 17 15 15
65 54 63 53 54 54 53 55 53 53 54 56 55 55 59 59 0 63 57 57 54 51 50 49 50 50 55 58 59 61 58 54 59 63 61 63 57 53 55 67 60 70 70 62 66 63 63 61 64 60
10 15 9 23 21 20 19 18 17 17 13 14 11 11 7 7 64 0 12 18 17 18 19 16 17 14 12 9 11 24 20 17 11 8 7 8 10 19 14 14 12 21 22 16 19 17 17 16 14 14
7 13 8 15 25 24 24 22 21 21 18 19 17 17 19 18 59 14 0 5 8 10 11 15 15 12 15 19 1 16 12 6 4 9 6 14 19 10 5 16 19 20 20 24 29 11 12 9 21 8
15 13 15 12 25 25 24 22 21 21 18 19 17 17 21 20 57 19 7 0 3 7 12 15 16 12 15 18 9 12 9 6 9 14 12 18 22 10 7 19 19 19 20 25 29 12 13 10 18 10
16 12 15 9 24 24 23 21 20 20 17 19 16 16 20 19 55 18 9 4 0 4 9 15 15 12 15 17 10 10 7 6 10 13 13 19 20 7 7 20 19 20 21 26 29 12 14 11 19 11
20 16 19 7 28 27 27 25 23 23 21 22 19 20 24 22 56 20 12 7 4 0 7 18 18 15 18 21 14 9 5 10 14 17 17 21 23 6 11 22 22 22 22 28 31 15 16 13 22 13
16 12 15 10 24 24 22 21 20 20 17 18 15 16 20 18 52 18 9 8 5 3 0 14 14 11 14 17 11 12 9 6 10 13 13 20 20 4 7 21 22 21 22 25 29 14 15 12 21 12
21 7 20 19 19 18 17 16 14 14 12 13 10 11 15 14 49 17 16 15 14 15 16 0 3 6 9 12 19 20 17 12 16 17 18 18 14 14 11 22 16 26 27 20 24 23 22 21 18 21
20 6 18 18 18 18 17 15 15 15 12 12 10 10 14 14 50 16 15 15 13 14 15 7 0 3 8 11 17 19 17 11 13 16 16 18 13 14 10 21 16 25 26 19 23 22 22 20 18 21
19 5 18 18 17 16 16 15 12 11 9 10 9 9 12 12 52 16 14 14 12 13 14 7 6 0 7 9 16 19 16 11 13 16 16 16 12 14 10 20 15 24 25 18 22 21 20 19 17 20
18 8 17 21 15 14 13 12 10 10 8 11 8 6 6 7 57 10 18 17 15 16 17 10 9 7 0 3 19 22 19 14 16 16 15 14 10 16 13 18 13 24 23 17 20 20 19 21 15 20
17 8 16 23 16 15 14 13 11 11 8 9 7 4 5 5 59 8 18 19 16 17 19 11 10 8 2 0 18 24 21 15 15 16 14 13 8 17 14 16 11 20 21 15 18 18 17 20 13 19
5 14 6 19 26 26 25 24 22 22 20 20 18 18 19 14 60 9 1 7 10 12 13 16 17 14 17 19 0 17 14 7 4 7 4 12 18 12 7 15 18 21 21 23 27 9 11 8 20 7
22 19 23 13 32 31 31 30 27 28 25 26 23 24 28 26 63 25 15 13 10 11 14 22 22 19 22 25 17 0 6 14 18 21 22 23 28 14 15 25 25 24 26 31 34 17 19 16 24 16
22 18 22 7 30 29 29 27 26 26 24 24 22 22 26 24 59 23 14 12 9 10 8 20 20 17 20 23 16 7 0 12 16 19 19 23 25 12 13 24 24 23 25 30 34 17 17 15 24 15
14 10 13 11 22 22 21 19 18 18 16 16 14 15 18 17 54 16 7 7 6 7 8 13 13 10 13 16 9 12 9 0 7 12 10 21 18 7 2 22 20 24 25 24 28 14 16 13 22 15
8 13 7 16 25 24 23 22 20 21 18 19 17 17 17 16 60 12 3 9 11 12 13 15 15 12 15 17 3 19 14 6 0 8 5 17 20 12 4 19 22 23 24 26 29 13 14 11 23 10
8 13 7 17 25 25 24 22 21 21 18 19 17 17 16 14 60 11 7 13 12 13 13 15 15 12 16 16 5 18 15 10 4 0 4 16 19 13 6 19 21 26 27 25 28 15 16 13 22 12
7 14 6 19 23 21 20 19 19 19 15 16 14 13 9 9 62 5 9 14 13 14 15 15 15 13 12 12 7 20 16 12 7 5 0 10 12 14 10 18 14 23 24 18 23 15 15 13 16 12
11 16 14 30 20 19 19 17 16 15 12 13 10 11 13 14 62 9 15 20 24 26 27 18 17 16 15 13 14 27 24 22 18 16 15 0 9 26 21 8 6 17 16 10 14 13 12 12 8 11
17 13 19 27 17 16 16 14 12 13 10 10 8 8 10 11 60 13 21 26 21 23 23 15 15 13 12 10 20 32 24 20 21 19 18 11 0 22 18 14 8 19 21 12 15 15 14 17 10 18
18 14 17 10 26 25 25 23 22 22 19 20 18 18 22 20 54 20 10 10 7 4 6 16 16 13 16 19 12 14 10 7 12 15 15 25 22 0 8 26 24 29 29 28 31 16 17 14 26 18
11 9 10 13 22 21 20 19 17 17 14 16 13 13 18 16 57 16 6 9 7 8 10 12 12 9 12 15 7 14 11 3 5 10 8 18 17 9 0 22 20 25 26 23 26 17 18 16 21 14
15 17 18 31 21 21 20 19 17 17 13 14 12 12 14 15 63 13 17 22 27 29 30 20 19 17 15 14 16 29 26 23 20 20 17 6 9 26 23 0 6 16 16 12 15 13 12 13 8 12
16 16 19 30 20 20 19 18 16 16 12 13 11 12 13 14 63 15 16 21 19 26 28 19 18 16 14 13 14 25 22 22 18 19 16 10 8 26 21 6 0 8 10 12 16 7 6 9 6 10
21 21 24 25 26 26 25 23 22 22 18 19 17 17 19 19 69 21 20 16 17 21 23 24 23 22 20 19 19 24 21 26 23 24 22 15 14 22 26 11 12 0 4 14 18 10 10 14 7 14
27 27 29 29 31 30 30 28 27 26 22 24 21 22 24 24 74 25 21 20 21 25 27 30 28 27 25 23 25 30 24 25 28 30 27 20 18 25 28 16 16 5 0 18 22 16 16 17 13 20
24 20 26 35 21 21 20 21 19 19 16 17 15 16 17 18 64 19 27 30 29 29 30 23 22 21 18 17 26 39 32 27 28 25 24 16 12 29 26 17 12 19 19 0 5 19 18 21 12 23
26 22 28 36 25 24 23 24 22 22 19 20 17 18 19 20 67 21 30 32 32 32 32 25 24 23 20 19 28 37 34 29 29 27 26 18 14 31 28 20 14 21 21 4 0 21 20 23 15 25
12 23 15 26 26 26 25 24 22 22 18 19 17 18 20 20 70 17 10 16 12 16 22 25 24 23 21 20 9 23 13 16 13 16 13 12 15 21 16 9 9 12 13 18 21 0 2 4 11 5
14 21 16 27 26 25 25 23 22 21 18 19 16 17 18 19 65 19 12 18 21 22 23 24 24 22 20 19 11 24 15 18 15 16 14 13 13 23 18 9 10 11 12 17 20 2 0 5 11 6
11 21 14 22 26 26 24 23 22 21 18 19 16 17 19 19 67 16 8 10 13 17 20 24 24 20 20 19 7 20 18 15 11 14 11 10 15 19 14 9 11 15 16 20 23 3 5 0 13 3
20 17 22 31 21 20 20 18 17 17 13 14 12 12 14 15 64 17 20 25 19 26 27 19 19 17 15 14 18 26 22 26 22 23 20 12 9 30 25 10 5 9 10 10 13 11 9 13 0 14
9 20 12 25 24 24 23 21 20 20 16 17 15 16 17 18 65 14 7 13 16 20 19 23 22 20 18 17 6 20 22 14 10 12 10 8 15 18 13 9 14 17 18 19 23 5 7 4 15 0
