0 18 4 23 23 22 22 20 19 19 16 16 14 15 13 14 62 10 7 12 15 16 18 19 19 18 16 15 5 22 21 12 8 7 4 9 14 17 12 12 15 20 21 19 22 12 12 11 17 9
20 0 19 17 15 15 14 12 11 11 9 10 7 8 10 10 52 14 14 14 12 13 14 7 6 5 6 7 16 19 16 11 13 16 17 15 11 13 10 17 13 22 23 16 20 20 18 19 15 19
5 17 0 20 26 26 27 24 22 22 17 18 15 15 11 12 59 7 4 9 12 14 15 17 17 16 14 17 2 19 16 10 6 5 2 12 14 14 9 15 18 22 23 19 23 12 13 10 20 9
21 17 20 0 28 27 27 25 23 24 21 23 20 20 24 23 51 22 14 12 10 7 5 18 19 16 19 21 15 13 9 11 15 18 18 25 24 9 12 27 26 26 27 29 32 19 20 17 25 18
25 15 28 28 0 5 7 11 10 10 11 13 13 13 17 16 53 20 25 25 24 25 25 18 17 16 14 16 27 30 26 22 24 27 27 20 16 25 21 24 18 27 28 19 23 24 24 26 20 25
24 15 26 28 5 0 5 7 10 10 12 15 12 12 17 16 52 20 25 25 23 24 25 18 17 15 13 15 26 29 27 22 23 27 24 21 16 24 20 23 18 26 28 20 23 24 23 26 20 25
23 14 27 26 6 6 0 7 9 8 10 12 11 11 16 15 50 18 24 24 22 23 24 16 16 14 12 14 25 28 25 20 22 26 22 20 14 22 19 22 17 25 26 18 21 23 22 25 19 24
21 12 23 25 11 10 10 0 6 7 7 10 9 9 14 13 49 16 21 22 20 21 22 15 14 12 10 12 23 26 23 18 20 24 23 18 12 21 17 20 15 23 24 18 21 21 20 23 17 22
19 10 21 23 10 9 9 6 0 1 6 9 8 10 12 11 50 14 19 19 18 19 20 12 12 10 8 10 21 24 21 17 18 21 19 16 10 19 15 18 13 21 22 16 19 19 18 21 14 20
19 10 21 23 10 9 9 7 1 0 6 9 8 10 12 11 50 14 19 20 18 18 20 13 12 10 8 10 21 24 21 16 18 21 19 16 10 19 16 18 13 21 22 16 19 19 18 21 15 20
16 8 22 21 9 9 8 7 5 5 0 2 2 3 8 7 50 11 18 17 16 17 18 11 10 8 6 7 19 22 19 15 16 18 18 11 7 17 13 15 10 18 19 13 16 16 15 18 12 17
20 8 20 21 12 12 11 9 8 8 2 0 3 4 9 8 53 11 18 18 16 17 18 11 10 9 7 8 20 22 19 15 16 19 19 12 10 17 13 16 10 19 20 14 17 17 16 19 12 17
16 8 19 21 11 11 10 8 7 7 2 3 0 3 7 7 51 10 17 17 15 16 17 10 9 8 6 6 18 22 19 14 15 17 17 11 7 16 13 14 9 18 19 13 16 15 14 17 11 16
15 10 16 23 13 12 11 10 9 9 6 7 4 0 4 3 59 7 17 20 17 17 19 11 11 9 5 3 16 25 20 16 17 15 14 9 5 19 15 12 7 16 17 11 14 14 13 15 9 14
15 10 16 22 13 12 12 10 9 9 5 6 4 3 0 3 56 7 19 19 17 18 19 12 11 9 5 2 17 23 20 16 17 14 14 10 6 18 15 13 8 17 18 12 15 15 14 17 10 15
11 13 13 24 17 17 16 15 13 13 10 10 8 7 4 0 64 3 16 21 19 20 21 16 14 13 7 6 14 26 22 18 13 11 11 9 11 21 16 15 13 21 22 16 19 17 17 16 14 14
61 50 59 49 52 52 51 51 48 49 50 52 51 51 56 56 0 58 54 53 50 49 47 45 48 47 52 55 56 57 54 50 55 57 57 59 55 50 52 63 57 65 67 58 61 58 60 57 59 57
10 14 8 21 20 20 19 17 15 16 12 13 11 10 6 7 60 0 11 17 16 17 18 15 16 14 11 8 11 23 19 16 10 8 7 7 10 17 13 14 11 20 21 15 18 16 15 15 13 13
7 12 8 14 23 23 22 21 20 19 17 18 16 16 18 17 55 13 0 5 8 10 11 14 14 11 14 18 1 14 12 6 4 9 6 14 18 10 5 15 18 18 19 23 27 10 11 9 19 7
14 12 14 11 24 23 22 21 19 20 17 18 16 16 20 18 55 18 7 0 3 7 11 14 15 11 14 17 8 12 9 6 9 14 12 16 20 9 7 17 17 18 18 24 26 11 12 9 17 10
15 12 14 9 23 22 21 20 19 19 17 17 15 15 19 18 51 16 8 4 0 4 9 14 14 11 14 17 10 10 6 6 9 13 13 17 19 7 7 18 18 18 19 24 27 12 13 10 18 10
19 15 18 6 26 26 25 23 22 22 19 21 18 19 22 21 52 19 11 7 4 0 6 17 17 14 17 19 13 8 5 9 13 16 16 19 22 6 10 20 20 21 22 26 29 14 15 12 20 12
15 11 14 9 22 22 21 20 18 19 16 17 15 15 19 17 49 16 9 7 5 3 0 13 14 10 13 16 10 12 8 5 9 12 12 19 18 4 7 19 20 19 21 24 27 13 14 11 20 12
20 6 19 18 18 17 16 15 13 14 11 12 10 10 14 13 47 15 15 15 13 14 15 0 3 6 8 11 18 19 16 12 15 16 17 17 13 13 10 21 15 24 25 19 22 21 21 20 18 20
18 6 17 18 17 16 16 14 14 14 12 11 9 9 13 13 47 15 14 13 12 13 14 6 0 3 8 10 15 18 15 11 12 15 15 17 12 13 10 20 15 24 24 18 21 20 20 19 17 19
18 5 17 17 16 16 14 14 10 11 8 10 8 8 12 12 48 15 13 13 12 13 13 6 5 0 7 9 15 18 14 10 12 14 14 15 11 12 9 19 14 22 23 17 20 20 19 18 16 19
17 8 16 19 14 13 13 11 9 10 7 10 8 6 6 6 54 9 17 16 14 15 16 9 8 7 0 3 17 21 18 13 15 15 14 13 10 15 12 17 12 23 21 16 19 18 17 20 14 19
16 7 15 21 15 14 13 12 10 10 7 8 6 4 4 4 54 8 17 17 16 16 18 10 9 8 2 0 17 23 19 14 14 15 13 12 8 16 13 15 10 19 20 14 17 17 16 18 12 17
5 14 6 17 24 24 24 22 20 21 18 19 17 17 17 13 56 9 1 6 9 11 12 15 16 13 16 17 0 16 13 7 4 7 4 11 17 11 7 14 17 19 20 22 26 9 10 7 18 6
21 18 22 12 30 29 28 27 25 26 23 24 22 22 26 25 59 24 14 12 9 10 13 21 21 18 21 23 16 0 5 13 16 19 20 22 25 13 14 23 23 23 24 29 32 16 17 15 23 15
20 17 20 7 28 28 27 26 24 24 22 23 21 21 24 23 54 22 13 11 8 9 8 19 19 16 19 22 15 7 0 11 15 18 18 22 24 12 12 22 22 23 23 28 32 16 17 14 22 14
13 10 12 10 21 20 20 18 17 17 15 15 13 13 17 16 50 15 6 7 5 6 7 12 12 9 12 15 8 12 8 0 7 11 10 19 17 7 2 21 19 23 24 22 25 14 14 12 21 14
8 12 7 15 23 23 22 21 19 19 17 18 15 16 16 15 56 12 3 8 10 11 12 14 14 11 14 16 3 18 13 6 0 7 5 16 19 11 4 18 20 21 22 24 27 12 13 11 22 10
7 12 6 16 24 23 23 21 20 20 17 18 16 16 15 13 57 10 6 12 11 12 13 14 15 12 15 15 5 17 14 9 4 0 4 15 17 12 6 17 19 24 25 23 26 14 15 12 21 11
6 13 5 17 22 20 19 18 18 18 14 15 13 12 9 9 60 4 8 13 12 13 14 14 15 12 11 11 7 18 16 11 6 4 0 9 11 13 9 16 13 22 23 17 21 14 14 12 15 11
11 15 13 28 19 18 17 16 15 15 11 12 10 11 12 12 60 9 14 19 22 24 25 17 16 15 14 12 13 25 22 20 17 15 14 0 8 24 19 8 6 16 15 10 13 12 11 12 8 10
16 12 18 25 16 15 15 13 12 12 9 9 7 8 9 10 56 12 20 24 20 21 22 15 14 12 11 9 19 31 23 18 20 18 16 10 0 21 17 13 8 18 19 11 14 14 13 16 9 17
17 13 16 9 24 24 23 22 20 20 18 19 16 17 21 19 51 18 10 9 7 4 6 16 16 12 16 18 11 13 9 6 11 14 14 23 20 0 8 24 22 27 28 26 29 15 16 13 25 17
10 9 9 12 20 20 19 17 16 16 14 15 12 12 17 15 53 15 6 8 7 8 9 11 11 8 11 13 7 13 10 3 4 9 7 17 16 8 0 21 18 23 24 21 24 16 17 15 20 13
14 16 17 29 20 20 19 17 16 16 13 13 11 12 13 14 61 12 16 21 25 27 28 19 18 16 14 13 15 27 25 22 19 18 16 6 9 25 22 0 5 15 15 12 15 12 11 12 7 11
15 15 18 28 19 19 18 16 15 15 11 13 10 11 12 13 60 14 14 20 18 25 25 17 17 15 13 12 13 23 21 20 17 18 15 9 8 25 20 5 0 8 9 11 14 7 5 8 6 9
20 20 23 23 24 24 23 22 20 20 17 17 15 16 18 18 65 19 19 15 16 19 21 23 22 20 19 18 18 23 19 25 22 23 21 14 13 20 24 10 11 0 4 13 16 10 10 13 7 14
25 25 27 27 29 28 28 26 25 25 22 22 20 21 22 22 70 24 20 19 20 24 25 27 27 25 23 22 22 28 23 23 26 28 26 19 17 24 26 15 15 5 0 18 21 16 15 15 12 19
23 19 24 32 20 19 19 20 18 18 16 16 14 15 16 17 60 18 26 29 27 28 28 21 21 19 18 16 25 36 30 25 26 23 22 15 12 27 24 17 11 17 17 0 5 18 17 20 12 21
24 21 26 33 23 23 22 22 21 21 17 18 16 17 18 19 63 20 28 30 29 30 31 24 23 21 19 18 27 34 31 28 27 26 24 17 14 30 27 19 14 19 20 4 0 20 19 22 14 23
12 21 14 24 25 24 24 22 21 21 18 19 16 17 18 19 64 16 9 15 12 15 20 23 23 21 19 18 8 21 12 15 12 15 12 11 14 19 15 9 9 11 12 17 20 0 2 3 10 4
13 20 15 26 24 24 23 22 20 20 17 17 15 16 17 18 61 18 11 17 20 21 22 23 22 20 19 17 10 22 14 17 14 16 13 12 13 21 17 9 9 10 11 16 19 2 0 5 10 6
10 20 13 21 24 24 23 22 20 20 17 17 16 16 18 18 63 15 8 9 12 16 19 22 22 19 18 17 7 19 17 14 10 13 11 9 14 18 13 8 10 15 15 19 22 3 4 0 12 3
18 16 21 29 20 20 18 17 16 16 12 13 11 12 13 14 60 15 18 24 18 25 26 18 17 16 14 13 17 24 21 24 21 21 19 11 8 28 23 9 5 8 10 9 12 10 9 12 0 13
9 18 11 23 23 22 21 21 18 19 15 16 14 14 16 17 62 13 7 12 15 19 18 22 21 18 17 16 6 18 21 13 9 12 9 8 14 17 12 9 13 16 17 18 21 5 6 3 15 0
