0 22 5 28 27 27 26 25 22 23 19 20 17 18 16 17 75 12 8 14 18 20 21 23 23 22 19 19 6 26 24 15 10 8 5 11 17 20 15 14 18 24 25 23 27 15 14 13 21 10
24 0 23 21 18 17 17 15 13 13 10 11 9 9 12 13 62 17 17 17 15 16 17 9 8 6 7 9 19 22 19 13 15 20 21 17 13 16 12 22 16 27 27 20 24 23 23 23 18 23
7 20 0 25 32 32 32 29 27 27 20 22 19 18 14 14 71 8 5 11 14 16 18 20 21 19 17 20 3 23 19 12 8 6 3 14 17 17 11 18 21 27 28 24 27 14 16 12 24 11
25 20 23 0 34 33 32 31 29 29 26 27 24 25 29 27 61 26 17 15 11 9 6 22 22 19 23 26 19 15 11 13 17 21 21 30 28 11 14 32 31 32 32 35 39 23 24 21 31 22
30 19 34 34 0 6 8 13 12 12 13 16 15 16 21 20 62 24 30 30 28 29 31 22 21 19 17 19 32 36 32 27 29 33 32 24 19 29 25 28 22 32 33 23 28 29 28 32 24 31
30 18 32 34 6 0 7 8 12 12 14 17 15 15 20 20 61 23 30 29 28 28 30 21 20 19 16 19 32 36 32 26 28 32 29 26 19 29 25 27 22 32 32 23 28 29 28 32 23 30
28 17 32 33 8 7 0 9 10 10 12 15 13 13 19 18 61 22 29 28 25 28 29 20 19 17 15 17 30 34 30 25 27 31 27 24 17 27 23 26 20 30 32 21 26 27 27 30 23 28
25 15 27 31 13 12 11 0 8 8 9 12 11 11 16 15 57 20 26 26 24 25 26 18 17 15 12 15 28 32 28 22 24 28 28 22 15 25 21 24 18 28 29 22 25 25 24 28 20 26
23 12 25 27 12 11 10 8 0 2 7 11 10 12 14 13 60 17 23 23 22 22 24 15 14 12 10 13 25 29 25 20 22 25 22 20 12 22 18 21 15 25 27 19 23 23 21 25 18 23
24 12 25 28 12 11 10 8 1 0 8 11 10 12 14 13 60 17 24 23 21 23 24 15 14 12 10 13 26 29 25 20 22 26 22 20 12 22 18 21 15 25 27 19 23 23 22 25 18 24
20 10 26 25 11 11 10 8 6 7 0 3 2 4 10 9 60 13 21 21 19 20 22 13 12 10 8 8 22 27 23 18 20 22 22 13 9 20 16 18 12 22 23 15 20 19 18 22 14 20
23 10 25 26 14 14 13 11 9 10 3 0 4 5 11 10 63 14 21 21 20 21 22 13 12 11 8 9 23 27 24 18 20 23 23 14 12 20 17 19 13 22 24 17 20 20 19 23 15 21
19 9 22 24 14 13 13 10 9 9 2 3 0 3 9 8 63 12 20 20 18 19 21 12 11 9 7 7 21 26 23 17 18 22 21 13 8 20 16 17 11 21 22 15 19 19 17 21 13 19
18 12 20 27 15 15 14 12 10 10 7 8 5 0 5 4 71 8 21 25 20 21 22 14 13 11 6 4 19 30 25 19 20 18 18 11 6 22 18 15 9 19 20 13 17 17 15 19 11 17
17 12 20 26 15 15 14 12 10 11 6 7 4 4 0 4 67 8 23 22 20 22 23 13 13 11 6 2 20 28 25 19 20 17 17 12 7 22 18 17 10 20 21 14 18 18 16 20 13 19
13 16 15 29 21 20 20 18 16 16 12 12 10 9 5 0 76 4 18 25 23 24 26 19 17 15 9 8 17 31 27 22 16 13 13 11 13 24 20 18 15 25 26 20 24 21 20 20 18 17
75 61 71 59 61 61 61 62 59 58 60 63 62 61 68 67 0 72 66 63 60 59 56 56 58 57 63 66 67 69 65 61 66 70 69 71 64 60 63 75 68 78 79 68 74 70 72 67 71 70
12 17 10 26 24 23 22 20 19 19 14 15 13 12 8 8 72 0 14 21 20 20 22 19 19 16 14 10 13 27 23 19 12 9 9 9 12 21 15 16 13 24 25 18 22 19 19 18 16 16
8 15 9 17 28 28 27 26 23 23 20 21 19 19 22 20 66 16 0 6 9 12 13 17 17 14 17 22 2 17 14 7 5 11 7 17 22 12 6 18 22 22 23 29 32 12 14 10 23 9
18 15 16 14 28 28 27 25 24 23 21 22 19 20 24 22 66 21 8 0 4 8 13 17 17 14 18 21 10 14 11 7 11 16 14 20 24 11 8 21 21 22 22 28 32 13 15 11 21 11
19 14 17 11 28 26 26 24 22 23 20 21 18 19 23 21 62 20 9 5 0 5 11 16 16 13 16 19 12 12 8 7 12 15 15 21 22 8 8 22 22 22 23 29 33 14 15 12 22 12
22 18 21 8 31 30 30 28 26 26 23 25 22 22 27 25 62 23 14 8 5 0 7 20 21 17 20 24 16 10 6 11 16 20 19 24 26 7 12 24 25 25 25 31 35 16 18 15 24 15
19 14 17 11 27 27 25 24 22 22 20 20 18 18 22 21 60 20 10 8 6 4 0 16 16 13 16 19 12 14 10 7 11 15 15 22 22 5 8 24 24 23 24 29 32 16 17 14 23 14
24 8 23 22 21 20 20 18 16 16 13 15 12 12 17 16 56 19 17 17 16 17 18 0 4 7 10 13 22 23 19 14 18 18 20 21 16 16 13 25 19 28 30 23 27 25 25 24 22 23
22 7 20 21 20 20 19 18 16 17 14 14 11 11 16 15 56 18 17 16 15 16 17 8 0 3 10 13 19 22 18 13 14 18 18 19 15 16 12 24 18 28 29 22 26 24 24 22 20 23
21 6 20 20 19 18 17 17 13 13 10 12 10 10 14 14 58 18 16 16 14 15 16 8 7 0 8 10 18 21 18 13 14 17 18 18 14 15 11 22 17 27 28 21 24 24 23 22 19 22
20 9 19 24 17 16 15 14 12 12 9 12 9 7 7 8 66 12 21 19 17 19 20 11 10 8 0 4 21 24 21 16 18 19 17 17 12 19 14 21 15 27 26 19 22 22 21 24 17 23
19 9 18 25 17 17 16 15 13 13 9 10 7 5 5 5 64 10 20 22 19 20 22 12 11 9 3 0 20 27 23 17 17 18 16 14 9 20 15 18 13 23 23 17 20 20 19 22 15 21
6 16 7 21 30 29 28 26 25 25 22 23 20 21 21 16 67 11 1 8 11 13 14 19 19 16 19 21 0 20 16 8 4 8 5 14 20 13 8 17 20 23 25 26 30 11 12 9 22 8
26 22 27 15 35 36 34 33 31 31 28 29 27 27 31 29 71 28 17 14 11 13 16 25 25 21 25 28 20 0 6 16 20 23 25 26 30 16 17 27 28 28 29 34 39 20 21 18 27 18
25 21 24 8 34 33 32 31 29 29 27 27 25 25 29 27 65 27 16 14 10 11 9 23 23 20 23 26 17 8 0 14 18 22 22 26 29 14 15 27 27 27 29 34 37 19 20 17 27 17
16 12 14 12 25 25 24 23 20 21 17 19 16 16 21 19 63 18 7 8 7 8 9 14 15 11 14 17 10 14 10 0 8 13 12 24 20 8 3 25 23 27 29 27 31 16 18 14 25 16
10 14 8 19 28 27 27 25 23 23 20 22 19 19 20 18 68 14 4 10 12 13 14 17 17 14 17 20 4 22 16 7 0 9 6 19 23 13 5 21 24 26 27 29 32 15 16 13 26 12
9 15 7 19 28 27 27 26 23 23 21 22 19 19 18 16 67 12 8 14 13 14 16 17 17 14 18 18 6 21 17 11 5 0 5 19 21 15 7 21 23 29 30 27 31 17 18 15 25 14
8 16 6 21 26 24 23 21 21 22 18 18 16 15 11 10 71 5 10 15 15 16 17 17 17 15 14 13 8 22 19 13 7 5 0 11 14 16 11 20 16 26 27 20 26 17 17 15 18 13
12 18 16 34 23 22 21 19 18 18 14 15 12 13 14 15 70 10 17 22 27 29 30 21 20 18 17 15 16 30 27 24 20 18 17 0 10 29 23 10 7 19 18 12 16 15 13 14 9 12
20 15 22 30 19 19 17 16 14 14 11 11 9 10 11 12 68 14 23 29 24 25 26 17 16 15 14 11 22 36 28 22 24 21 20 12 0 26 21 16 9 22 23 13 17 17 15 19 12 20
21 16 19 11 29 29 28 26 24 24 22 23 20 21 25 23 60 22 11 11 8 5 7 18 19 15 18 22 14 15 11 8 13 17 17 28 24 0 9 30 27 32 33 32 35 18 19 16 29 21
13 10 11 15 24 23 23 21 19 19 16 18 15 15 20 18 64 18 7 10 9 10 10 13 14 10 13 16 8 16 12 3 5 12 9 21 19 10 0 25 22 28 29 26 30 20 21 18 24 16
17 19 20 35 24 23 23 21 19 19 15 16 13 14 16 17 75 15 20 25 30 32 35 22 21 20 17 16 19 32 29 27 23 22 20 7 10 30 26 0 7 19 18 14 18 14 13 15 8 13
19 18 21 34 23 22 21 20 18 18 14 15 12 13 15 16 72 17 18 24 22 29 31 21 20 18 16 15 17 28 25 25 21 22 19 11 9 30 24 6 0 10 11 13 17 8 7 10 7 11
24 25 27 28 29 29 28 26 24 24 21 21 18 19 21 22 78 24 23 19 20 23 25 27 27 25 22 21 22 27 23 29 26 27 24 17 16 25 29 12 13 0 5 16 20 12 12 15 8 17
31 30 32 33 35 34 34 31 30 30 26 27 24 25 27 27 82 29 24 23 24 28 30 33 32 30 28 26 27 34 28 28 32 34 31 23 21 29 31 18 18 6 0 21 25 19 18 18 15 23
27 23 29 38 23 23 22 24 22 22 19 19 17 18 20 20 70 21 31 34 32 33 35 26 25 23 21 20 30 43 36 31 31 28 27 17 14 33 29 20 14 21 21 0 6 22 20 24 14 26
29 25 31 41 28 27 26 26 25 25 21 22 19 20 22 23 75 24 34 37 35 35 37 28 27 26 23 22 32 42 39 33 34 31 30 20 16 36 32 22 17 23 24 5 0 24 23 26 17 29
14 26 17 28 30 29 29 27 24 25 21 22 19 20 22 23 77 20 11 18 14 18 25 28 27 25 23 22 10 25 15 18 14 18 15 13 16 24 18 10 11 13 14 21 24 0 2 4 13 5
15 24 19 31 29 28 27 26 24 24 20 21 19 19 21 22 73 21 13 20 23 25 26 28 26 25 22 21 12 27 17 20 16 19 16 15 15 26 20 11 11 12 13 19 23 2 0 6 12 7
12 24 15 26 30 28 28 26 24 25 20 22 19 19 21 22 76 18 9 11 15 19 23 27 27 23 22 21 8 23 20 16 13 16 13 11 17 22 15 10 13 18 19 22 26 4 5 0 14 3
23 19 24 34 24 23 22 21 19 19 15 16 13 14 16 17 72 18 22 29 21 30 30 22 21 19 17 16 21 29 25 29 24 25 23 13 10 34 28 11 6 10 11 11 15 12 11 15 0 16
11 23 14 29 27 27 26 24 22 23 19 20 17 18 20 21 74 16 8 14 18 23 21 26 25 22 21 19 7 22 25 16 11 14 11 10 16 20 15 11 16 19 20 22 25 6 7 4 18 0
