0 17 4 21 21 21 21 19 18 18 15 15 13 14 12 13 57 9 6 11 14 16 16 18 18 17 15 15 5 20 19 11 8 6 4 8 13 16 11 11 14 19 20 18 21 11 11 10 16 8
19 0 18 16 14 14 13 11 10 10 8 9 7 7 9 10 47 13 13 13 12 12 13 7 6 4 5 7 15 17 14 10 12 15 16 14 10 13 9 17 12 21 21 15 18 18 17 18 14 18
5 15 0 19 24 24 24 22 21 21 16 16 15 14 11 10 55 6 3 8 11 13 14 16 16 15 13 16 2 18 15 9 6 4 2 11 13 13 9 14 16 20 21 18 21 11 12 9 19 8
20 16 18 0 26 25 25 24 22 22 20 21 18 19 22 21 48 20 13 11 9 7 4 17 18 15 18 20 14 12 8 10 14 16 16 24 22 8 11 25 24 24 25 27 30 18 19 16 24 17
23 14 26 27 0 5 6 10 9 10 10 13 12 12 16 16 49 19 24 23 22 23 23 17 16 15 13 15 25 28 25 21 22 25 24 19 15 22 20 22 17 25 26 18 21 23 22 25 19 24
23 14 25 27 5 0 5 6 9 9 11 14 11 11 15 15 48 19 23 23 21 23 23 16 16 14 12 15 25 27 24 20 22 25 22 20 14 23 19 21 17 24 26 18 22 22 22 24 18 23
22 13 25 25 6 5 0 7 8 8 9 11 10 10 14 14 47 17 22 22 20 21 22 16 14 13 11 13 23 26 23 19 21 24 21 19 13 21 18 20 15 23 24 16 19 22 20 23 17 22
20 11 21 23 10 10 9 0 6 6 7 9 8 8 13 12 46 15 20 20 19 19 20 14 13 11 10 12 21 25 21 17 19 22 22 17 11 20 16 19 14 22 22 17 20 20 18 22 15 20
18 9 20 21 9 9 8 6 0 1 6 8 8 9 11 10 48 13 18 18 16 18 18 11 11 9 8 10 20 23 19 15 17 20 17 15 10 18 14 17 12 20 21 15 18 18 17 20 14 18
18 9 19 22 9 9 8 6 1 0 6 8 8 10 11 10 46 13 18 18 17 17 18 12 11 10 8 10 20 22 19 15 17 20 17 15 10 17 14 16 12 19 21 15 18 18 17 19 14 18
15 8 20 20 9 8 8 6 5 5 0 2 1 3 7 7 47 10 17 16 15 16 17 10 9 8 6 6 17 21 18 13 15 17 17 10 7 16 12 14 9 17 18 12 15 15 14 17 11 16
18 8 19 20 11 11 10 8 7 7 2 0 3 4 8 8 49 11 17 16 15 16 17 10 9 8 6 7 18 21 18 14 16 18 18 11 9 16 13 15 10 18 19 13 15 16 15 18 12 16
15 7 17 19 11 10 10 8 7 7 1 2 0 3 7 6 48 9 16 16 14 15 16 9 8 7 5 6 17 20 17 13 15 17 16 10 6 15 12 13 8 16 17 11 15 14 13 16 10 15
14 9 15 21 12 11 11 9 8 8 5 6 4 0 4 3 57 6 16 19 15 16 17 10 10 8 4 3 15 23 19 15 16 14 13 8 5 17 13 11 7 15 15 10 13 13 12 14 8 14
14 9 15 21 12 11 11 9 8 8 5 5 3 3 0 3 53 6 18 17 16 16 17 11 10 9 4 2 16 22 19 14 15 13 13 9 6 17 13 12 8 16 17 11 14 14 13 16 10 14
10 12 12 22 16 16 15 14 12 12 9 10 8 7 4 0 58 3 15 19 18 19 19 15 13 12 7 6 13 23 21 17 12 10 10 8 10 19 15 14 12 19 21 15 18 16 16 15 14 13
57 47 57 46 48 47 47 48 46 46 46 48 47 49 52 51 0 56 50 49 47 45 43 42 45 44 49 51 52 53 51 47 50 54 53 55 51 46 48 58 53 60 62 54 58 54 55 53 54 54
9 13 7 20 18 18 17 16 14 15 11 12 10 9 6 6 58 0 10 16 15 16 17 14 15 12 11 8 10 21 18 15 9 7 7 7 9 16 12 13 11 18 20 14 17 15 15 14 12 12
6 11 7 13 22 21 21 19 18 18 16 17 14 15 17 15 51 12 0 4 7 9 10 13 13 11 13 17 1 14 11 5 4 8 5 13 17 9 5 14 16 17 18 22 25 9 10 8 18 7
13 12 13 11 22 22 21 19 18 18 16 17 14 15 18 17 51 16 6 0 3 6 10 14 13 11 13 16 8 11 8 5 8 13 11 15 19 8 6 16 16 17 17 22 25 10 11 8 16 9
14 11 14 8 21 21 20 18 17 18 15 16 14 14 18 16 48 16 7 3 0 4 8 12 13 10 13 15 9 9 6 5 9 12 11 16 17 6 6 17 17 17 18 23 25 11 12 9 17 10
17 14 17 6 24 24 23 22 21 20 18 19 17 17 21 19 48 18 10 6 4 0 6 16 16 13 16 18 12 8 4 8 12 15 15 18 20 5 9 19 19 19 20 25 28 13 14 11 19 12
15 10 13 8 21 20 20 18 17 17 15 16 14 14 17 16 47 15 8 6 5 3 0 12 12 10 12 15 9 11 8 5 9 12 11 17 17 3 6 18 19 18 19 23 25 12 13 11 18 11
19 6 17 17 16 16 16 14 12 13 11 11 9 9 13 12 43 14 14 14 12 13 14 0 3 5 8 10 17 17 15 11 14 14 16 16 13 12 10 19 14 23 23 17 21 20 20 18 16 18
17 5 16 16 16 15 15 13 13 13 11 11 9 9 13 12 44 14 13 13 11 12 13 6 0 2 7 10 14 17 14 10 12 14 14 15 12 12 9 19 14 22 22 17 20 19 19 17 16 17
17 5 16 16 15 14 14 13 10 10 8 9 7 8 11 11 45 14 12 12 11 12 13 6 5 0 6 8 14 16 14 9 11 13 13 14 11 12 8 17 13 21 22 16 19 18 18 17 15 17
15 7 15 18 13 12 12 10 9 9 7 9 7 5 5 6 49 9 16 15 14 14 15 9 8 6 0 3 16 20 16 12 14 14 13 13 9 14 11 15 11 21 21 14 17 17 17 19 13 18
15 7 14 20 14 13 13 11 10 10 7 8 5 3 4 4 51 7 16 17 14 15 17 9 9 7 2 0 16 21 18 13 13 14 12 11 7 15 12 14 9 18 19 13 15 15 15 17 11 17
5 12 6 16 23 22 22 20 19 19 17 18 16 16 16 12 52 8 1 6 9 10 11 15 15 12 15 16 0 15 12 6 3 6 4 11 16 10 6 13 15 18 19 20 24 8 9 7 17 6
19 17 21 11 27 27 26 25 24 24 22 22 20 21 24 22 55 22 13 11 9 10 12 19 19 17 19 22 15 0 5 12 15 18 19 20 24 12 13 21 22 21 22 27 30 15 16 14 21 14
19 16 18 6 26 26 25 24 22 23 20 21 19 19 23 22 51 21 12 10 8 9 7 18 18 15 18 20 14 6 0 10 14 17 17 20 22 11 11 21 21 21 22 27 29 14 16 13 20 13
12 9 11 10 20 19 18 17 16 16 14 14 12 12 16 15 47 14 6 6 5 6 7 11 11 8 11 14 7 11 8 0 6 10 9 18 15 6 2 20 18 21 22 21 23 13 14 11 19 13
7 11 6 14 22 21 21 20 18 18 16 16 15 15 15 14 52 11 3 7 9 10 11 13 13 10 13 15 3 17 13 5 0 6 4 15 18 10 4 16 19 20 21 22 26 11 13 10 21 9
7 11 6 15 22 22 21 20 18 18 16 17 15 15 14 12 53 10 6 11 10 11 12 13 14 11 14 14 4 16 13 8 4 0 4 14 16 11 6 16 18 23 23 21 24 13 14 11 19 10
6 12 5 16 20 19 18 17 17 17 13 14 12 11 8 8 54 4 8 12 12 12 13 13 14 12 11 10 6 17 14 10 6 4 0 9 11 12 9 15 12 20 21 15 20 13 13 11 14 10
10 14 12 26 18 17 17 15 14 14 11 11 9 10 11 12 56 8 13 17 21 23 23 16 15 14 13 11 12 23 21 18 15 14 13 0 8 23 18 7 5 15 14 9 12 11 10 11 7 9
15 11 16 23 15 14 13 13 11 11 9 9 7 7 9 9 52 11 18 22 19 19 20 13 13 11 10 9 17 28 21 17 18 16 15 9 0 19 16 12 7 17 17 10 13 13 12 15 9 15
16 12 15 9 23 23 22 20 19 19 17 17 15 16 19 18 47 17 9 9 6 4 5 14 14 12 14 16 10 12 9 6 10 13 13 22 19 0 7 23 21 24 26 24 27 14 15 12 23 16
10 8 9 11 18 18 18 16 15 15 13 14 11 12 15 14 49 14 5 8 6 7 8 10 10 7 10 13 6 12 9 2 4 9 7 16 15 7 0 19 17 22 22 20 23 15 16 14 19 13
13 15 15 27 19 18 17 16 15 15 11 12 10 11 13 13 56 11 15 20 23 25 26 17 17 15 13 12 14 25 23 21 18 17 15 5 8 23 21 0 5 14 14 11 14 11 10 12 6 10
14 14 16 26 17 17 17 15 14 14 11 11 10 10 11 12 56 13 14 19 16 23 24 16 16 14 12 11 13 21 19 19 16 17 14 9 7 23 18 5 0 7 8 10 13 6 5 8 5 9
18 19 21 22 23 23 21 20 19 19 16 16 14 15 16 17 60 18 18 14 15 18 20 21 21 19 17 16 17 22 18 23 20 21 19 13 12 19 22 9 10 0 3 12 15 9 9 12 6 13
23 23 25 25 27 26 26 24 23 23 20 20 19 19 20 21 64 22 18 18 19 21 23 26 25 23 21 21 21 26 21 21 24 26 24 18 16 22 24 14 14 4 0 16 19 14 14 14 11 17
21 17 22 30 18 18 17 19 17 17 14 15 13 14 15 16 57 17 24 26 25 26 27 20 19 18 16 15 23 33 27 24 24 22 21 14 11 26 22 15 11 17 16 0 5 17 16 18 11 21
23 19 24 31 21 21 20 21 19 19 16 17 15 16 17 18 60 18 26 28 27 27 29 22 21 19 18 17 25 33 30 26 26 24 23 15 13 27 24 17 13 18 18 4 0 19 18 20 12 22
11 19 13 22 24 23 22 21 19 20 16 17 15 16 17 17 59 15 9 14 11 14 19 22 21 20 18 17 8 19 11 14 11 13 11 10 13 18 14 8 8 10 11 16 19 0 2 3 10 4
12 19 14 23 22 22 21 20 18 19 15 16 14 15 16 17 56 16 10 16 18 20 20 21 21 19 17 16 9 21 13 16 13 15 12 11 12 20 15 8 8 9 10 15 18 1 0 5 9 6
10 19 12 20 23 22 22 20 18 19 15 17 14 15 16 17 59 13 7 9 11 15 17 21 21 18 17 16 6 18 16 13 9 12 10 9 13 16 12 7 10 13 14 17 20 3 4 0 11 2
17 15 19 26 18 18 17 16 14 15 11 12 10 11 12 13 56 14 17 22 16 23 24 17 16 15 13 12 16 22 19 22 19 20 18 10 8 26 21 8 4 8 9 9 12 9 8 11 0 12
8 17 10 22 21 21 20 19 17 18 14 15 13 14 15 16 58 12 6 11 14 17 17 20 19 17 16 15 5 17 19 12 9 11 9 7 13 16 11 8 12 15 16 17 20 5 6 3 14 0
