0 17 4 21 21 20 21 19 17 18 14 15 13 14 12 13 57 9 6 11 14 15 16 18 18 17 15 14 5 20 19 11 8 6 4 8 13 15 11 11 14 19 20 17 21 11 11 10 16 8
19 0 18 16 14 14 13 12 10 10 8 9 7 7 9 10 47 13 13 13 12 12 13 7 6 4 5 7 15 17 14 10 12 15 16 14 10 12 9 17 12 20 21 15 18 18 17 18 14 18
5 16 0 19 25 25 24 22 21 21 16 16 15 14 11 10 55 6 4 8 11 13 14 16 16 15 13 15 2 18 15 9 6 4 2 11 13 13 9 14 17 21 22 18 21 11 12 9 18 8
19 15 18 0 26 25 25 24 22 22 20 21 18 19 23 21 49 20 13 12 9 7 5 17 17 15 18 20 14 12 8 10 14 17 16 24 22 8 11 25 24 24 25 28 31 18 19 16 24 17
23 14 27 27 0 5 6 10 9 9 10 13 11 12 16 15 49 19 23 23 22 23 24 16 16 15 13 15 25 28 24 20 22 25 25 18 15 22 19 22 17 25 26 18 21 23 22 25 19 23
23 14 25 26 4 0 5 6 9 9 11 14 11 11 16 15 47 18 23 23 21 22 23 16 16 14 12 15 25 27 24 20 21 25 22 20 14 22 19 21 16 24 26 18 21 22 22 24 19 23
22 13 25 25 6 5 0 7 8 8 9 11 10 10 15 14 46 17 22 22 20 21 22 15 14 13 11 14 23 26 24 19 21 24 21 19 13 21 18 20 16 23 25 16 20 21 20 23 17 22
20 11 21 23 10 9 9 0 6 6 7 9 8 9 13 12 45 15 20 20 19 19 21 14 13 11 10 12 22 24 22 17 19 22 21 17 11 19 16 19 14 22 22 17 20 20 19 21 16 20
18 9 19 21 9 8 8 6 0 1 6 8 8 9 11 10 46 13 18 18 16 17 18 12 11 9 8 9 19 23 20 15 17 20 17 15 9 17 14 16 12 19 21 15 18 18 16 20 14 19
18 9 19 21 9 8 8 6 1 0 6 8 8 9 11 10 46 14 18 18 17 17 18 12 11 9 8 10 19 22 19 16 17 20 18 15 10 17 15 17 12 20 21 15 18 18 17 20 13 18
15 8 20 20 9 8 8 6 5 5 0 2 1 3 7 7 47 10 16 16 15 16 17 10 9 8 6 6 17 21 18 14 15 17 17 10 7 16 13 14 9 16 18 12 15 15 14 17 11 15
18 8 19 20 11 11 10 8 7 7 2 0 3 4 8 7 49 11 17 17 15 16 17 10 9 8 6 7 18 21 18 14 15 18 18 11 9 16 13 14 10 17 18 13 16 16 15 17 12 16
15 7 17 19 11 10 10 8 7 7 1 2 0 3 7 6 48 9 16 16 14 15 16 10 9 7 5 6 17 20 17 13 14 17 16 10 6 15 12 13 8 17 17 12 14 14 13 16 10 15
14 9 15 21 12 11 11 9 8 8 6 6 4 0 4 3 56 6 16 19 15 16 17 10 10 8 4 3 15 24 19 14 16 14 14 8 5 17 14 12 7 15 16 10 13 13 12 15 9 13
14 9 15 20 12 11 11 9 8 8 5 6 3 3 0 3 52 6 18 17 16 17 17 11 10 9 4 2 16 22 19 15 15 13 13 9 6 17 13 12 8 16 17 11 14 14 13 16 10 14
10 12 12 23 16 16 15 14 12 12 9 10 8 7 4 0 59 3 14 19 18 19 20 14 13 12 7 6 13 24 21 16 12 10 10 8 10 19 15 14 12 20 21 15 18 16 16 15 14 13
57 46 56 46 47 47 48 48 45 46 47 49 48 48 52 52 0 55 50 49 47 45 43 43 45 44 49 50 51 54 49 47 51 54 54 56 50 46 48 58 54 60 61 54 58 54 55 52 55 53
9 13 8 20 18 18 17 16 14 14 11 12 10 9 6 6 57 0 10 16 15 16 17 14 15 12 11 8 10 21 18 15 9 7 7 7 9 16 12 13 10 18 19 14 17 15 15 14 12 12
6 11 7 13 21 21 20 20 18 18 15 16 14 15 17 16 52 13 0 5 7 9 10 13 14 11 14 17 1 14 11 5 4 8 5 13 17 9 5 14 17 17 18 22 25 9 10 8 18 7
13 11 13 10 22 21 21 20 18 18 16 17 15 15 18 17 49 16 6 0 3 6 10 13 14 11 13 16 8 11 8 5 8 12 11 15 19 9 6 16 16 16 17 22 24 10 11 9 16 9
14 11 13 8 21 21 20 19 18 17 15 16 14 14 18 16 49 16 7 3 0 4 8 13 13 10 13 15 9 9 6 5 9 12 12 16 17 6 6 17 17 17 18 23 25 11 12 9 17 10
17 14 17 6 24 24 23 22 20 20 18 19 17 17 21 19 49 18 10 7 4 0 6 16 16 13 16 18 12 7 4 8 12 15 15 19 20 5 9 19 19 19 20 24 28 13 14 11 19 11
15 10 13 8 21 21 20 18 17 18 15 16 14 14 18 16 47 15 8 7 5 3 0 12 12 10 13 15 9 11 8 5 9 11 11 18 17 3 6 18 19 18 19 22 25 12 13 11 18 11
18 6 18 17 16 16 15 14 13 12 10 11 9 9 13 12 44 14 14 14 12 13 14 0 3 5 8 10 16 18 15 11 14 14 16 16 12 12 10 20 15 23 23 18 21 20 19 18 16 18
18 5 16 16 16 16 15 13 13 13 10 10 9 9 12 12 44 14 13 13 11 12 13 6 0 2 7 10 14 17 14 10 11 14 14 15 12 12 9 19 14 22 23 17 20 19 19 17 16 18
17 5 15 16 14 14 14 13 10 10 8 9 7 8 11 11 45 14 12 12 11 11 13 6 5 0 6 8 14 17 14 9 11 14 14 14 11 12 8 18 13 21 22 16 19 18 18 17 15 17
16 7 15 18 13 12 12 10 9 9 7 9 7 5 5 6 50 9 16 15 13 14 15 8 8 6 0 3 16 19 16 12 13 14 13 13 9 14 11 15 11 21 20 14 17 17 16 19 13 18
15 7 14 20 13 13 13 11 10 10 7 8 6 4 4 4 50 7 15 17 14 15 17 9 9 7 2 0 16 21 18 13 13 13 12 11 7 15 12 14 10 18 19 12 16 15 15 17 11 16
5 13 5 16 23 22 22 20 19 19 17 18 16 16 16 12 52 8 1 6 9 10 11 15 15 12 15 16 0 15 12 6 3 6 4 11 16 10 6 13 16 18 19 20 24 8 9 7 17 6
20 17 21 11 28 27 26 25 23 24 22 22 20 20 24 23 56 22 13 11 8 9 13 19 19 16 19 21 15 0 5 12 16 18 19 20 23 12 13 21 21 21 22 27 30 15 16 14 21 14
19 16 19 6 26 26 25 24 22 23 20 21 19 19 23 21 51 20 12 10 8 9 7 18 17 15 18 20 14 6 0 10 14 17 17 20 22 11 11 21 21 21 22 26 29 15 15 13 21 13
12 9 11 10 19 19 18 17 15 16 14 15 12 13 16 15 47 14 6 6 5 6 7 11 11 8 11 14 7 11 8 0 6 10 9 18 16 6 2 20 18 21 22 21 23 13 13 11 20 13
7 11 6 14 21 21 21 19 18 18 16 16 14 15 15 13 52 11 3 8 9 10 11 13 13 11 13 15 3 17 12 5 0 6 4 15 18 10 4 17 19 20 21 23 26 12 13 10 20 9
7 12 6 14 23 22 21 19 18 18 16 17 15 15 14 12 53 10 6 11 10 11 12 13 14 11 14 14 4 16 13 9 4 0 4 14 16 11 6 16 18 23 23 22 24 13 14 11 20 10
6 12 5 16 20 18 18 17 17 17 13 14 12 11 8 8 54 4 8 12 11 12 13 13 14 12 11 10 6 17 14 10 6 4 0 9 11 12 9 15 12 21 21 15 20 13 13 11 14 10
10 14 12 27 18 17 16 15 13 14 11 11 9 10 11 12 55 8 13 17 21 23 23 16 15 14 13 11 12 23 21 19 16 14 13 0 8 22 18 7 5 14 14 9 12 11 10 11 7 9
15 11 17 23 15 14 14 12 11 11 9 9 7 7 9 9 53 11 18 23 18 19 20 13 13 11 11 8 17 28 21 17 18 16 15 9 0 19 16 12 7 17 18 10 14 13 12 15 9 15
16 12 15 9 23 22 21 21 19 19 16 18 16 16 19 18 46 17 9 9 6 4 5 14 14 12 14 17 10 12 9 6 10 14 13 21 19 0 7 22 21 24 25 24 26 14 15 12 23 16
10 8 9 11 19 18 17 17 15 15 13 14 11 11 15 14 49 14 5 8 6 7 8 10 10 7 10 13 6 12 9 2 4 9 7 15 15 7 0 20 17 22 23 20 23 15 16 14 18 12
13 15 15 27 18 18 18 16 15 15 12 12 10 11 12 13 58 12 15 19 23 25 26 17 17 15 13 12 14 25 23 20 18 17 15 5 8 23 20 0 5 14 14 11 13 11 10 12 6 10
14 14 16 27 18 17 16 15 14 14 11 11 9 10 12 12 56 13 14 18 17 23 24 16 16 14 12 11 13 21 19 19 16 17 14 9 7 23 18 5 0 7 8 10 13 6 5 8 5 9
18 19 21 21 23 22 21 20 19 19 16 16 14 15 17 17 61 18 18 15 15 18 20 21 21 19 17 16 17 21 18 23 20 21 19 13 12 19 22 9 10 0 3 13 16 9 9 12 6 13
23 23 25 25 26 26 26 25 23 23 20 21 19 19 21 21 66 22 19 18 19 22 23 26 24 24 21 21 22 26 21 21 24 26 24 18 16 22 25 14 14 4 0 16 19 14 14 15 11 18
21 18 22 29 18 18 17 19 17 17 14 15 13 14 15 16 57 17 24 27 25 26 26 20 19 18 16 15 22 34 28 25 24 22 21 14 11 26 22 15 11 16 16 0 5 17 15 19 11 20
23 19 24 31 21 21 20 21 20 19 16 17 15 16 17 18 59 19 26 28 27 28 29 22 21 20 18 17 25 32 30 25 26 24 23 15 13 27 24 17 13 18 18 4 0 19 18 21 12 22
11 19 13 22 24 23 22 21 19 20 16 17 15 16 17 18 60 15 9 14 11 14 19 21 21 20 18 17 8 20 12 14 11 14 11 10 13 18 14 8 8 10 11 16 19 0 2 3 10 4
12 19 14 23 23 22 22 20 19 19 15 16 14 15 16 17 57 16 10 16 18 19 21 22 20 19 17 16 9 21 14 16 13 15 12 11 12 20 16 8 8 9 10 15 18 1 0 5 9 6
9 19 12 20 22 22 21 20 19 19 15 17 14 15 16 17 59 13 7 8 11 15 17 21 21 18 17 16 6 18 16 13 9 12 10 9 13 16 12 7 10 13 15 17 20 3 4 0 11 2
17 15 19 27 19 18 17 16 15 15 11 12 10 11 12 13 57 14 17 22 17 23 23 17 16 15 13 12 16 22 19 22 19 20 18 10 8 26 22 8 4 8 9 9 11 10 8 11 0 12
8 17 10 22 21 21 20 19 17 17 14 15 13 14 15 16 58 12 6 11 14 18 17 20 19 17 16 15 5 17 19 12 9 11 9 7 13 15 11 8 12 15 16 17 20 5 6 3 14 0
