0 19 5 25 25 24 23 22 20 20 16 17 15 16 14 14 65 10 7 13 16 18 19 20 21 19 17 16 5 23 22 13 9 7 5 9 15 18 13 13 16 22 23 20 24 13 13 12 18 9
22 0 21 18 16 15 15 13 12 12 9 10 8 8 11 11 56 15 15 15 13 14 15 8 7 5 6 8 17 20 16 12 14 17 19 15 12 14 10 19 14 23 24 17 21 21 19 20 16 21
6 18 0 22 28 28 28 25 24 24 18 19 17 16 12 12 63 7 4 10 13 15 16 18 18 17 15 18 2 20 17 10 7 5 2 12 15 15 10 16 19 24 24 21 24 12 14 11 21 10
22 17 21 0 30 29 28 27 25 25 23 24 21 22 26 24 55 23 15 13 10 8 5 20 20 17 20 23 17 13 9 12 16 19 19 28 25 10 13 28 27 28 29 32 35 20 22 18 28 19
27 17 30 31 0 5 7 11 11 11 12 15 13 14 18 17 55 21 27 26 25 26 27 19 19 17 15 17 29 32 28 24 25 29 28 21 17 26 22 25 20 29 29 21 25 26 25 28 22 27
26 16 28 30 5 0 6 7 10 10 12 15 13 13 18 17 55 20 26 26 25 25 26 19 18 16 14 16 29 31 28 23 25 29 25 23 16 25 22 24 19 27 29 21 25 26 25 28 21 27
25 15 29 29 7 6 0 8 9 9 10 13 12 12 16 16 53 20 25 25 23 24 25 18 17 15 13 15 27 30 27 22 24 27 24 22 15 24 21 23 18 27 28 19 22 25 23 27 20 25
23 13 25 27 11 11 10 0 7 7 8 11 10 10 14 14 51 17 23 23 21 22 23 16 15 13 11 13 25 27 24 20 21 25 25 20 13 22 18 22 16 25 25 20 22 23 21 25 18 24
21 11 22 25 10 10 9 7 0 1 7 10 9 11 12 12 53 15 20 20 19 20 21 13 12 11 9 11 23 26 23 18 19 23 20 17 11 20 16 19 13 23 24 17 20 20 19 22 16 21
20 11 22 24 10 10 9 7 1 0 7 9 9 11 12 12 53 15 20 21 19 20 21 13 12 11 9 11 23 25 23 18 19 23 20 17 11 20 16 19 14 22 23 17 20 21 19 22 16 21
18 9 24 23 10 10 9 7 6 6 0 2 2 4 9 8 53 11 19 19 17 18 19 11 11 9 7 7 20 24 20 16 17 20 20 12 8 18 14 16 10 20 21 14 17 17 16 19 13 18
20 9 22 23 13 12 12 10 8 8 2 0 3 5 9 9 56 12 19 19 18 18 19 12 11 9 7 8 21 24 21 16 18 21 20 13 11 18 15 17 11 20 22 15 18 18 17 20 13 19
17 8 20 22 12 12 11 9 8 8 2 3 0 3 8 7 55 11 18 18 16 17 18 11 10 8 6 7 19 23 20 15 17 19 18 11 7 18 14 15 10 19 20 13 16 16 15 18 12 17
16 10 17 24 13 13 12 11 9 9 6 7 5 0 4 4 65 7 18 22 17 19 20 12 12 10 5 3 17 27 22 17 18 15 16 9 5 20 15 13 8 17 18 12 15 15 13 17 10 15
16 10 17 24 14 13 12 11 9 9 5 6 4 3 0 3 59 7 20 20 18 19 20 12 12 10 5 2 18 25 21 17 18 15 15 11 7 20 16 14 9 18 19 12 16 16 14 18 11 16
12 14 13 26 19 18 17 16 14 14 10 11 9 8 4 0 66 3 16 22 20 22 23 16 15 14 8 7 15 27 24 19 14 11 11 10 11 22 17 16 13 22 24 17 21 18 18 17 15 15
65 54 65 53 54 55 55 56 52 53 54 55 55 55 60 60 0 62 58 56 53 52 49 49 51 50 55 58 60 61 57 54 59 62 62 64 58 53 55 66 61 71 72 62 65 62 63 61 63 61
10 15 9 23 21 20 20 19 17 16 13 14 11 10 7 7 64 0 12 19 17 18 19 17 17 14 12 9 11 24 20 17 11 8 8 8 10 18 14 14 12 21 22 16 19 17 17 16 14 14
8 13 8 15 25 24 24 22 20 21 18 19 17 17 19 18 58 14 0 5 8 10 12 15 15 12 15 19 1 16 13 6 4 9 6 14 19 10 6 16 19 19 20 25 29 11 12 9 21 8
15 13 15 12 25 25 24 23 21 21 18 19 17 17 21 20 57 19 7 0 3 7 12 15 16 12 16 18 9 13 9 6 9 14 12 18 22 10 7 19 19 19 20 25 29 12 13 10 19 10
16 12 16 10 24 24 23 22 20 20 18 18 16 16 20 18 55 18 8 4 0 4 9 15 15 11 15 17 10 10 7 6 10 13 13 18 20 7 7 20 19 20 21 26 29 12 14 11 19 11
20 16 19 7 27 27 27 25 23 24 21 22 20 20 24 22 55 20 12 7 4 0 7 18 18 15 18 21 14 9 5 9 14 17 17 21 23 6 11 22 22 22 22 28 31 15 16 13 22 13
16 12 15 9 24 24 23 21 20 20 17 18 16 16 20 18 53 18 9 7 5 3 0 14 14 11 14 17 11 13 9 6 10 13 13 20 19 4 7 21 22 21 22 26 29 14 15 12 21 12
21 7 20 19 19 18 18 16 15 14 12 13 11 11 15 14 49 16 16 15 14 15 16 0 4 6 9 12 19 21 17 12 16 17 18 18 14 14 11 22 17 26 26 20 24 22 22 21 19 21
20 6 19 19 18 17 17 15 15 15 12 12 10 10 14 13 50 16 15 14 13 14 15 7 0 3 8 11 16 19 16 12 13 16 16 17 14 14 10 21 16 25 26 20 23 21 21 20 18 20
19 5 18 18 17 16 15 15 11 11 9 10 8 9 13 12 52 16 14 14 12 13 14 7 6 0 7 9 16 19 16 11 13 16 16 17 12 13 10 20 15 24 25 18 22 21 20 19 17 19
18 8 17 21 15 14 13 12 11 10 8 10 8 6 6 7 58 10 18 17 16 16 18 10 9 7 0 3 18 22 19 14 15 16 15 15 10 16 13 18 13 24 23 16 20 20 18 22 15 20
17 8 16 23 16 15 14 13 11 12 8 9 6 4 5 5 59 8 18 19 16 17 20 11 10 8 2 0 18 24 21 15 15 15 14 13 8 17 13 17 11 20 21 15 18 18 16 20 13 19
6 14 6 19 26 26 25 24 22 22 20 20 18 18 19 14 60 9 1 7 10 12 13 17 17 13 17 18 0 17 14 7 4 7 4 12 18 12 7 15 18 20 22 23 27 9 11 8 19 7
23 20 24 13 31 31 30 29 28 27 25 26 23 23 28 26 62 25 15 13 10 11 14 22 23 19 21 25 17 0 6 14 18 21 22 23 27 14 15 25 25 25 25 31 34 17 18 16 25 16
22 18 22 7 30 30 29 27 25 26 23 24 22 22 26 24 59 24 14 12 9 10 8 20 20 17 20 23 16 7 0 12 16 19 19 23 25 12 13 23 24 23 25 30 35 17 18 15 24 15
14 10 12 11 22 22 21 20 18 18 15 16 14 14 19 17 54 16 7 7 6 7 8 13 13 10 13 16 8 12 9 0 7 12 10 21 18 7 2 22 20 24 25 24 27 14 16 13 22 15
8 13 7 16 24 25 24 23 21 21 18 19 16 17 18 16 59 12 3 9 11 12 13 15 15 12 15 18 3 19 14 6 0 7 5 17 20 12 4 19 21 23 24 26 29 13 14 11 23 10
8 13 6 17 26 25 24 23 21 21 18 19 17 18 16 14 61 11 7 13 12 13 14 15 16 12 16 16 5 18 15 10 4 0 4 17 19 13 6 18 21 26 27 25 28 15 16 13 23 12
7 14 6 18 23 21 20 19 19 19 15 17 14 13 9 9 62 4 9 14 13 14 15 15 15 13 12 12 7 20 16 12 7 5 0 10 12 14 10 18 14 23 24 18 23 15 15 13 16 11
11 16 14 30 20 20 19 17 16 16 12 13 11 11 13 13 64 9 15 20 24 26 27 19 17 16 15 13 14 27 24 21 18 16 15 0 9 26 21 9 6 17 16 11 14 13 12 12 9 11
17 12 19 27 17 16 15 15 12 13 10 10 8 8 10 11 60 13 21 26 21 22 23 15 15 13 12 10 20 32 25 20 21 18 18 10 0 23 18 14 8 20 20 12 15 15 14 17 10 18
19 14 17 10 26 26 25 23 21 22 19 20 18 18 22 20 53 20 10 10 7 4 6 16 17 13 16 19 12 13 10 7 12 15 15 25 21 0 8 26 24 28 29 28 31 16 17 14 25 18
11 9 10 13 21 21 20 19 17 17 15 15 13 13 18 16 56 16 6 9 7 8 9 12 12 9 12 15 7 14 11 3 5 10 8 18 17 8 0 22 19 25 26 23 26 17 19 16 22 15
15 17 18 31 21 21 20 19 17 17 13 14 12 13 14 15 65 13 18 22 26 29 30 20 19 17 15 14 17 29 26 23 20 20 17 6 9 27 23 0 6 16 16 12 16 13 12 13 8 12
16 16 19 30 20 20 19 18 16 16 12 13 11 12 13 14 64 15 16 21 19 26 28 19 18 16 14 13 14 24 22 22 18 20 17 10 8 27 21 6 0 9 10 12 15 7 6 9 6 10
21 22 24 25 26 25 25 23 21 21 18 19 17 17 19 19 69 21 20 17 17 21 23 24 24 22 20 19 19 24 21 27 22 25 22 15 14 22 26 10 12 0 4 14 17 11 10 14 7 14
27 26 28 30 31 30 30 28 26 27 23 24 21 22 24 24 74 25 22 21 21 25 26 29 28 27 24 24 25 30 24 24 28 30 27 21 19 25 28 16 16 5 0 19 22 16 16 16 13 20
23 20 25 34 21 20 20 21 20 20 17 18 15 16 17 18 64 19 28 31 28 30 31 23 22 20 18 17 26 39 32 27 28 26 24 16 12 29 26 18 12 19 19 0 5 19 18 21 12 23
26 23 28 36 24 24 23 23 22 22 18 20 17 18 20 20 67 21 29 33 31 31 32 25 24 22 20 19 28 38 34 29 29 27 26 18 15 32 28 20 15 20 21 4 0 21 20 23 14 25
12 22 15 25 27 26 26 24 22 22 19 20 17 18 20 20 69 17 10 16 12 16 22 25 24 23 21 20 9 22 13 16 13 16 13 12 14 21 16 9 9 12 13 18 21 0 2 4 11 5
14 22 16 27 26 25 24 23 21 22 18 19 16 17 19 19 65 19 12 18 21 23 23 25 23 22 20 19 11 24 15 18 15 17 15 13 14 23 17 9 9 11 12 17 21 2 0 5 11 7
11 21 14 23 25 26 24 24 21 22 18 19 16 18 19 19 67 16 8 10 13 17 20 24 24 20 20 19 7 20 18 14 11 14 11 10 15 19 14 8 11 16 17 19 23 3 5 0 13 3
20 17 22 31 21 21 20 19 17 17 13 14 12 12 14 15 65 16 19 26 19 26 27 19 19 17 15 14 18 26 22 26 23 23 20 12 9 30 25 10 5 9 10 10 13 11 10 13 0 14
9 20 12 25 24 24 23 22 20 20 17 18 15 16 17 19 67 14 7 13 16 20 19 23 22 20 18 17 6 20 22 14 10 12 10 9 15 18 13 9 14 17 18 19 22 5 7 4 16 0
